165;
178;
172;
161;
157;
164;
170;
163;
180;
148;
128;
222;
575;
589;
522;
578;
577;
424;
272;
198;
214;
178;
177;
195;
167;
157;
147;
151;
138;
171;
151;
213;
522;
525;
570;
533;
485;
584;
444;
283;
198;
198;
171;
181;
157;
136;
145;
148;
153;
149;
141;
341;
453;
586;
527;
529;
579;
481;
587;
563;
486;
495;
307;
202;
189;
199;
160;
195;
178;
184;
182;
178;
209;
409;
598;
562;
578;
549;
600;
615;
560;
599;
431;
282;
192;
167;
181;
161;
178;
170;
167;
203;
203;
147;
302;
354;
484;
559;
565;
514;
526;
614;
594;
587;
441;
496;
369;
246;
187;
181;
160;
161;
150;
154;
157;
147;
163;
413;
569;
419;
523;
562;
560;
577;
568;
562;
558;
528;
433;
276;
187;
169;
151;
152;
172;
166;
151;
179;
316;
207;
392;
524;
607;
571;
592;
564;
632;
635;
623;
496;
440;
284;
205;
173;
179;
201;
157;
178;
153;
190;
218;
385;
456;
504;
630;
582;
608;
606;
624;
566;
591;
510;
541;
410;
265;
203;
187;
184;
163;
158;
161;
175;
168;
164;
442;
279;
572;
611;
621;
572;
619;
577;
609;
586;
605;
390;
251;
184;
187;
164;
164;
147;
168;
205;
208;
174;
164;
435;
274;
464;
471;
618;
536;
576;
616;
616;
576;
613;
475;
342;
225;
234;
216;
205;
198;
205;
171;
138;
116;
184;
187;
183;
151;
155;
181;
181;
